1       10.322
2       30.322
3       50.322
4       70.322
5       90.322
6       110.322
7       130.322
8       150.322
9       170.322
10      190.322
11      210.322
12      230.322
13      250.322
14      270.322
15      290.322
16      310.322
17      330.322
18      350.322
19      370.322
20      390.322
21      419.015
22      454.015
23      489.015
24      524.015
25      559.015
26      594.015
27      629.015
28      664.015
29      699.015
30      734.015
31      769.015
32      804.015
33      839.015
34      874.015
35      909.015
36      944.015
37      979.015
38      1014.01
39      1049.02
40      1084.02
