49      6707.82
50      6753.05
51      7097.51
52      7142.74
53      7187.97
54      7233.2
55      7278.43
56      7323.66
57      7368.88
58      7414.11
59      7459.34
60      7504.57
61      7549.8
62      7595.03
63      7640.26
64      7685.49
65      7730.72
66      7775.95
67      7821.17
68      7866.4
69      7911.63
70      7956.86
71      8002.09
72      8047.32
73      8092.55
74      8137.78
75      8183.01
76      8228.24
77      8273.46
78      8318.69
79      8363.92
80      8409.15
81      8454.38
82      8499.61
83      8544.84
84      8590.07
85      8635.3
86      8680.1
87      8724.9
88      8769.71
89      8814.51
90      8859.31
91      8904.11
92      8948.92
93      8993.72
94      9038.52
95      9088.08
97      9182.75
99      9277.41
101     9372.08
103     9466.74
105     9561.41
107     9656.07
109     9750.74
111     9845.4
113     9940.07