-5 4304.35
-4 4348.57
-3 4392.78
-2 4437
1 4569.64
0 4525.43
1 4569.64
2 4613.86
3 4658.07
5 4746.5
6 4790.72
7 4834.93
8 4879.14
11 5011.79
12 5056
13 5100.22
14 5144.43
15 5468.05
16 5512.26
17 5556.48
18 5600.69
20 5689.12
21 5733.34
23 5821.77
24 5867
25 5912.22
26 5957.45
27 6002.68
28 6047.91
29 6093.14
30 6138.37
31 6183.6
32 6228.83
33 6274.06
34 6319.29
35 6364.51
36 6409.74
37 6454.97
38 6500.2
39 6545.43
40 6590.66
41 6635.89
42 6681.12
43 6726.35
44 6771.58
45 6816.8
46 6862.03
47 6907.26
48 6952.49
49 6997.72
50 7042.95
51 7088.18
52 7133.41
53 7178.64
54 7223.87
55 7269.09
56 7314.32
57 7359.55
58 7404.78
59 7450.01
60 7495.24
61 7540.47
62 7585.7
63 7630.93
64 7676.16
65 7721.38
66 7766.61
67 7811.84
68 7857.07
69 7902.3
70 7947.53
71 7992.76
72 8037.99
73 8083.22
74 8128.45
75 8173.67
76 8218.9
77 8264.13
78 8309.36
79 8354.59
80 8399.82
81 8445.05
82 8490.28
83 8535.51
84 8580.74
85 8625.96
86 8670.77
87 8715.57
88 8760.37
89 8805.18
90 8849.98
91 8894.78
92 8939.58
93 8984.39
94 9029.19
95 9075.38
96 9122.71
97 9170.05
98 9217.38
99 9264.71
100 9312.04
101 9359.38
102 9406.71
103 9454.04
104 9501.37
105 9548.71
106 9596.04
107 9643.37
108 9690.7
109 9738.04
110 9785.37
111 9832.7
112 9880.03
113 9927.37
114 9974.7
