1       19.015
2       54.015
3       89.015
4       124.015
5       159.015
6       194.015
7       229.015
8       264.015
9       299.015
10      334.015
11      369.015
12      404.015
13      439.015
14      474.015
15      509.015
16      544.015
17      579.015
18      614.015
19      649.015
20      684.015
21      736.97
22      784.97
23      832.97
24      880.97
25      928.97
26      976.97
27      1024.97
28      1072.97
29      1120.97
30      1168.97
31      1216.97
32      1264.97
33      1312.97
34      1360.97
35      1408.97
36      1456.97
37      1504.97
38      1552.97
39      1600.97
40      1648.97